================= LSCPU =================

[inf1029-17@iac T4]$ lscpu
Architecture:          x86_64
CPU op-mode(s):        32-bit, 64-bit
Byte Order:            Little Endian
CPU(s):                4
On-line CPU(s) list:   0-3
Thread(s) per core:    1
Core(s) per socket:    4
Socket(s):             1
NUMA node(s):          1
Vendor ID:             GenuineIntel
CPU family:            6
Model:                 94
Model name:            Intel(R) Xeon(R) CPU E3-1225 v5 @ 3.30GHz
Stepping:              3
CPU MHz:               800.225
CPU max MHz:           3700.0000
CPU min MHz:           800.0000
BogoMIPS:              6624.00
Virtualization:        VT-x
L1d cache:             32K
L1i cache:             32K
L2 cache:              256K
L3 cache:              8192K
NUMA node0 CPU(s):     0-3
Flags:                 fpu vme de pse tsc msr pae mce cx8 apic sep mtrr pge mca cmov pat pse36 clflush dts acpi mmx fxsr sse sse2 ss ht tm pbe syscall nx pdpe1gb rdtscp lm constant_tsc art arch_perfmon pebs bts rep_good nopl xtopology nonstop_tsc aperfmperf eagerfpu pni pclmulqdq dtes64 monitor ds_cpl vmx smx est tm2 ssse3 sdbg fma cx16 xtpr pdcm pcid sse4_1 sse4_2 x2apic movbe popcnt tsc_deadline_timer aes xsave avx f16c rdrand lahf_lm abm 3dnowprefetch epb intel_pt ssbd ibrs ibpb stibp tpr_shadow vnmi flexpriority ept vpid fsgsbase tsc_adjust bmi1 hle avx2 smep bmi2 erms invpcid rtm mpx rdseed adx smap clflushopt xsaveopt xsavec xgetbv1 dtherm ida arat pln pts hwp hwp_notify hwp_act_window hwp_epp md_clear spec_ctrl intel_stibp flush_l1d


================= 1024 x 1024 =================

[inf1029-17@iac T4]$ ./matrix_lib_test 5.0 1024 1024 1024 1024 256 4096 1024 floats_1024_2.0f.dat floats_1024_5.0f.dat result1.dat result2.dat
(debug) Alocando host!
(debug) Alocando device!
(debug) Tudo alocado!
(debug) Alocando host!
(debug) Alocando device!
(debug) Tudo alocado!
(debug) Alocando host!
(debug) Alocando device!
(debug) Tudo alocado!
(debug) Inicializando Matriz C!
(debug) Populando Matriz A!
(debug) Populando Matriz B!
--------Matriz A--------
2.0 2.0 2.0 2.0 2.0 2.0 2.0 2.0 2.0 2.0 2.0 2.0 2.0 2.0 2.0 2.0 2.0 2.0 2.0 2.0 2.0 2.0 2.0 2.0 2.0 2.0 2.0 2.0 2.0 2.0 2.0 2.0 2.0 2.0 2.0 2.0 2.0 2.0 2.0 2.0 2.0 2.0 2.0 2.0 2.0 2.0 2.0 2.0 2.0 2.0 2.0 2.0 2.0 2.0 2.0 2.0 2.0 2.0 2.0 2.0 2.0 2.0 2.0 2.0 2.0 2.0 2.0 2.0 2.0 2.0 2.0 2.0 2.0 2.0 2.0 2.0 2.0 2.0 2.0 2.0 2.0 2.0 2.0 2.0 2.0 2.0 2.0 2.0 2.0 2.0 2.0 2.0 2.0 2.0 2.0 2.0 2.0 2.0 2.0 2.0 2.0 2.0 2.0 2.0 2.0 2.0 2.0 2.0 2.0 2.0 2.0 2.0 2.0 2.0 2.0 2.0 2.0 2.0 2.0 2.0 2.0 2.0 2.0 2.0 2.0 2.0 2.0 2.0 2.0 2.0 2.0 2.0 2.0 2.0 2.0 2.0 2.0 2.0 2.0 2.0 2.0 2.0 2.0 2.0 2.0 2.0 2.0 2.0 2.0 2.0 2.0 2.0 2.0 2.0 2.0 2.0 2.0 2.0 2.0 2.0 2.0 2.0 2.0 2.0 2.0 2.0 2.0 2.0 2.0 2.0 2.0 2.0 2.0 2.0 2.0 2.0 2.0 2.0 2.0 2.0 2.0 2.0 2.0 2.0 2.0 2.0 2.0 2.0 2.0 2.0 2.0 2.0 2.0 2.0 2.0 2.0 2.0 2.0 2.0 2.0 2.0 2.0 2.0 2.0 2.0 2.0 2.0 2.0 2.0 2.0 2.0 2.0 2.0 2.0 2.0 2.0 2.0 2.0 2.0 2.0 2.0 2.0 2.0 2.0 2.0 2.0 2.0 2.0 2.0 2.0 2.0 2.0 2.0 2.0 2.0 2.0 2.0 2.0 2.0 2.0 2.0 2.0 2.0 2.0 2.0 2.0 2.0 2.0 2.0 2.0 2.0 2.0 2.0 2.0 2.0 2.0 2.0  -- A matriz passou do limite de 256 --
--------Matriz B--------
5.0 5.0 5.0 5.0 5.0 5.0 5.0 5.0 5.0 5.0 5.0 5.0 5.0 5.0 5.0 5.0 5.0 5.0 5.0 5.0 5.0 5.0 5.0 5.0 5.0 5.0 5.0 5.0 5.0 5.0 5.0 5.0 5.0 5.0 5.0 5.0 5.0 5.0 5.0 5.0 5.0 5.0 5.0 5.0 5.0 5.0 5.0 5.0 5.0 5.0 5.0 5.0 5.0 5.0 5.0 5.0 5.0 5.0 5.0 5.0 5.0 5.0 5.0 5.0 5.0 5.0 5.0 5.0 5.0 5.0 5.0 5.0 5.0 5.0 5.0 5.0 5.0 5.0 5.0 5.0 5.0 5.0 5.0 5.0 5.0 5.0 5.0 5.0 5.0 5.0 5.0 5.0 5.0 5.0 5.0 5.0 5.0 5.0 5.0 5.0 5.0 5.0 5.0 5.0 5.0 5.0 5.0 5.0 5.0 5.0 5.0 5.0 5.0 5.0 5.0 5.0 5.0 5.0 5.0 5.0 5.0 5.0 5.0 5.0 5.0 5.0 5.0 5.0 5.0 5.0 5.0 5.0 5.0 5.0 5.0 5.0 5.0 5.0 5.0 5.0 5.0 5.0 5.0 5.0 5.0 5.0 5.0 5.0 5.0 5.0 5.0 5.0 5.0 5.0 5.0 5.0 5.0 5.0 5.0 5.0 5.0 5.0 5.0 5.0 5.0 5.0 5.0 5.0 5.0 5.0 5.0 5.0 5.0 5.0 5.0 5.0 5.0 5.0 5.0 5.0 5.0 5.0 5.0 5.0 5.0 5.0 5.0 5.0 5.0 5.0 5.0 5.0 5.0 5.0 5.0 5.0 5.0 5.0 5.0 5.0 5.0 5.0 5.0 5.0 5.0 5.0 5.0 5.0 5.0 5.0 5.0 5.0 5.0 5.0 5.0 5.0 5.0 5.0 5.0 5.0 5.0 5.0 5.0 5.0 5.0 5.0 5.0 5.0 5.0 5.0 5.0 5.0 5.0 5.0 5.0 5.0 5.0 5.0 5.0 5.0 5.0 5.0 5.0 5.0 5.0 5.0 5.0 5.0 5.0 5.0 5.0 5.0 5.0 5.0 5.0 5.0 5.0  -- A matriz passou do limite de 256 --
--------Matriz C--------
0.0 0.0 0.0 0.0 0.0 0.0 0.0 0.0 0.0 0.0 0.0 0.0 0.0 0.0 0.0 0.0 0.0 0.0 0.0 0.0 0.0 0.0 0.0 0.0 0.0 0.0 0.0 0.0 0.0 0.0 0.0 0.0 0.0 0.0 0.0 0.0 0.0 0.0 0.0 0.0 0.0 0.0 0.0 0.0 0.0 0.0 0.0 0.0 0.0 0.0 0.0 0.0 0.0 0.0 0.0 0.0 0.0 0.0 0.0 0.0 0.0 0.0 0.0 0.0 0.0 0.0 0.0 0.0 0.0 0.0 0.0 0.0 0.0 0.0 0.0 0.0 0.0 0.0 0.0 0.0 0.0 0.0 0.0 0.0 0.0 0.0 0.0 0.0 0.0 0.0 0.0 0.0 0.0 0.0 0.0 0.0 0.0 0.0 0.0 0.0 0.0 0.0 0.0 0.0 0.0 0.0 0.0 0.0 0.0 0.0 0.0 0.0 0.0 0.0 0.0 0.0 0.0 0.0 0.0 0.0 0.0 0.0 0.0 0.0 0.0 0.0 0.0 0.0 0.0 0.0 0.0 0.0 0.0 0.0 0.0 0.0 0.0 0.0 0.0 0.0 0.0 0.0 0.0 0.0 0.0 0.0 0.0 0.0 0.0 0.0 0.0 0.0 0.0 0.0 0.0 0.0 0.0 0.0 0.0 0.0 0.0 0.0 0.0 0.0 0.0 0.0 0.0 0.0 0.0 0.0 0.0 0.0 0.0 0.0 0.0 0.0 0.0 0.0 0.0 0.0 0.0 0.0 0.0 0.0 0.0 0.0 0.0 0.0 0.0 0.0 0.0 0.0 0.0 0.0 0.0 0.0 0.0 0.0 0.0 0.0 0.0 0.0 0.0 0.0 0.0 0.0 0.0 0.0 0.0 0.0 0.0 0.0 0.0 0.0 0.0 0.0 0.0 0.0 0.0 0.0 0.0 0.0 0.0 0.0 0.0 0.0 0.0 0.0 0.0 0.0 0.0 0.0 0.0 0.0 0.0 0.0 0.0 0.0 0.0 0.0 0.0 0.0 0.0 0.0 0.0 0.0 0.0 0.0 0.0 0.0 0.0 0.0 0.0 0.0 0.0 0.0 0.0  -- A matriz passou do limite de 256 --
Writing first result: result1.dat
Executing scalar_matrix_mult(5.0, matrixA)
1.700000 ms
--------Matriz A--------
10.0 10.0 10.0 10.0 10.0 10.0 10.0 10.0 10.0 10.0 10.0 10.0 10.0 10.0 10.0 10.0 10.0 10.0 10.0 10.0 10.0 10.0 10.0 10.0 10.0 10.0 10.0 10.0 10.0 10.0 10.0 10.0 10.0 10.0 10.0 10.0 10.0 10.0 10.0 10.0 10.0 10.0 10.0 10.0 10.0 10.0 10.0 10.0 10.0 10.0 10.0 10.0 10.0 10.0 10.0 10.0 10.0 10.0 10.0 10.0 10.0 10.0 10.0 10.0 10.0 10.0 10.0 10.0 10.0 10.0 10.0 10.0 10.0 10.0 10.0 10.0 10.0 10.0 10.0 10.0 10.0 10.0 10.0 10.0 10.0 10.0 10.0 10.0 10.0 10.0 10.0 10.0 10.0 10.0 10.0 10.0 10.0 10.0 10.0 10.0 10.0 10.0 10.0 10.0 10.0 10.0 10.0 10.0 10.0 10.0 10.0 10.0 10.0 10.0 10.0 10.0 10.0 10.0 10.0 10.0 10.0 10.0 10.0 10.0 10.0 10.0 10.0 10.0 10.0 10.0 10.0 10.0 10.0 10.0 10.0 10.0 10.0 10.0 10.0 10.0 10.0 10.0 10.0 10.0 10.0 10.0 10.0 10.0 10.0 10.0 10.0 10.0 10.0 10.0 10.0 10.0 10.0 10.0 10.0 10.0 10.0 10.0 10.0 10.0 10.0 10.0 10.0 10.0 10.0 10.0 10.0 10.0 10.0 10.0 10.0 10.0 10.0 10.0 10.0 10.0 10.0 10.0 10.0 10.0 10.0 10.0 10.0 10.0 10.0 10.0 10.0 10.0 10.0 10.0 10.0 10.0 10.0 10.0 10.0 10.0 10.0 10.0 10.0 10.0 10.0 10.0 10.0 10.0 10.0 10.0 10.0 10.0 10.0 10.0 10.0 10.0 10.0 10.0 10.0 10.0 10.0 10.0 10.0 10.0 10.0 10.0 10.0 10.0 10.0 10.0 10.0 10.0 10.0 10.0 10.0 10.0 10.0 10.0 10.0 10.0 10.0 10.0 10.0 10.0 10.0 10.0 10.0 10.0 10.0 10.0 10.0 10.0 10.0 10.0 10.0 10.0 10.0  -- A matriz passou do limite de 256 --
(debug) Escrevendo no arquivo Result1
Writing second result: result2.dat
Executing matrix_matrix_mult(matrixA, matrixB, matrixC)
50.298000 ms
--------Matriz C--------
51200.0 51200.0 51200.0 51200.0 51200.0 51200.0 51200.0 51200.0 51200.0 51200.0 51200.0 51200.0 51200.0 51200.0 51200.0 51200.0 51200.0 51200.0 51200.0 51200.0 51200.0 51200.0 51200.0 51200.0 51200.0 51200.0 51200.0 51200.0 51200.0 51200.0 51200.0 51200.0 51200.0 51200.0 51200.0 51200.0 51200.0 51200.0 51200.0 51200.0 51200.0 51200.0 51200.0 51200.0 51200.0 51200.0 51200.0 51200.0 51200.0 51200.0 51200.0 51200.0 51200.0 51200.0 51200.0 51200.0 51200.0 51200.0 51200.0 51200.0 51200.0 51200.0 51200.0 51200.0 51200.0 51200.0 51200.0 51200.0 51200.0 51200.0 51200.0 51200.0 51200.0 51200.0 51200.0 51200.0 51200.0 51200.0 51200.0 51200.0 51200.0 51200.0 51200.0 51200.0 51200.0 51200.0 51200.0 51200.0 51200.0 51200.0 51200.0 51200.0 51200.0 51200.0 51200.0 51200.0 51200.0 51200.0 51200.0 51200.0 51200.0 51200.0 51200.0 51200.0 51200.0 51200.0 51200.0 51200.0 51200.0 51200.0 51200.0 51200.0 51200.0 51200.0 51200.0 51200.0 51200.0 51200.0 51200.0 51200.0 51200.0 51200.0 51200.0 51200.0 51200.0 51200.0 51200.0 51200.0 51200.0 51200.0 51200.0 51200.0 51200.0 51200.0 51200.0 51200.0 51200.0 51200.0 51200.0 51200.0 51200.0 51200.0 51200.0 51200.0 51200.0 51200.0 51200.0 51200.0 51200.0 51200.0 51200.0 51200.0 51200.0 51200.0 51200.0 51200.0 51200.0 51200.0 51200.0 51200.0 51200.0 51200.0 51200.0 51200.0 51200.0 51200.0 51200.0 51200.0 51200.0 51200.0 51200.0 51200.0 51200.0 51200.0 51200.0 51200.0 51200.0 51200.0 51200.0 51200.0 51200.0 51200.0 51200.0 51200.0 51200.0 51200.0 51200.0 51200.0 51200.0 51200.0 51200.0 51200.0 51200.0 51200.0 51200.0 51200.0 51200.0 51200.0 51200.0 51200.0 51200.0 51200.0 51200.0 51200.0 51200.0 51200.0 51200.0 51200.0 51200.0 51200.0 51200.0 51200.0 51200.0 51200.0 51200.0 51200.0 51200.0 51200.0 51200.0 51200.0 51200.0 51200.0 51200.0 51200.0 51200.0 51200.0 51200.0 51200.0 51200.0 51200.0 51200.0 51200.0 51200.0 51200.0 51200.0 51200.0 51200.0 51200.0 51200.0 51200.0 51200.0 51200.0 51200.0 51200.0 51200.0 51200.0 51200.0 51200.0 51200.0 51200.0 51200.0 51200.0 51200.0 51200.0 51200.0 51200.0 51200.0  -- A matriz passou do limite de 256 --
Overall time: 2182.378906 ms
(debug) Liberando memória
(debug) Liberando host
(debug) Liberando device
(debug) Liberando matrix
(debug) Liberando host
(debug) Liberando device
(debug) Liberando matrix
(debug) Liberando host
(debug) Liberando device
(debug) Liberando matrix
(debug) Fim

================= 2048 x 2048 =================

[inf1029-17@iac T4]$ ./matrix_lib_test 5.0 2048 2048 2048 2048 256 4096 1024 floats_2048_2.0f.dat floats_2048_5.0f.dat result1.dat result2.dat
(debug) Alocando host!
(debug) Alocando device!
(debug) Tudo alocado!
(debug) Alocando host!
(debug) Alocando device!
(debug) Tudo alocado!
(debug) Alocando host!
(debug) Alocando device!
(debug) Tudo alocado!
(debug) Inicializando Matriz C!
(debug) Populando Matriz A!
(debug) Populando Matriz B!
--------Matriz A--------
2.0 2.0 2.0 2.0 2.0 2.0 2.0 2.0 2.0 2.0 2.0 2.0 2.0 2.0 2.0 2.0 2.0 2.0 2.0 2.0 2.0 2.0 2.0 2.0 2.0 2.0 2.0 2.0 2.0 2.0 2.0 2.0 2.0 2.0 2.0 2.0 2.0 2.0 2.0 2.0 2.0 2.0 2.0 2.0 2.0 2.0 2.0 2.0 2.0 2.0 2.0 2.0 2.0 2.0 2.0 2.0 2.0 2.0 2.0 2.0 2.0 2.0 2.0 2.0 2.0 2.0 2.0 2.0 2.0 2.0 2.0 2.0 2.0 2.0 2.0 2.0 2.0 2.0 2.0 2.0 2.0 2.0 2.0 2.0 2.0 2.0 2.0 2.0 2.0 2.0 2.0 2.0 2.0 2.0 2.0 2.0 2.0 2.0 2.0 2.0 2.0 2.0 2.0 2.0 2.0 2.0 2.0 2.0 2.0 2.0 2.0 2.0 2.0 2.0 2.0 2.0 2.0 2.0 2.0 2.0 2.0 2.0 2.0 2.0 2.0 2.0 2.0 2.0 2.0 2.0 2.0 2.0 2.0 2.0 2.0 2.0 2.0 2.0 2.0 2.0 2.0 2.0 2.0 2.0 2.0 2.0 2.0 2.0 2.0 2.0 2.0 2.0 2.0 2.0 2.0 2.0 2.0 2.0 2.0 2.0 2.0 2.0 2.0 2.0 2.0 2.0 2.0 2.0 2.0 2.0 2.0 2.0 2.0 2.0 2.0 2.0 2.0 2.0 2.0 2.0 2.0 2.0 2.0 2.0 2.0 2.0 2.0 2.0 2.0 2.0 2.0 2.0 2.0 2.0 2.0 2.0 2.0 2.0 2.0 2.0 2.0 2.0 2.0 2.0 2.0 2.0 2.0 2.0 2.0 2.0 2.0 2.0 2.0 2.0 2.0 2.0 2.0 2.0 2.0 2.0 2.0 2.0 2.0 2.0 2.0 2.0 2.0 2.0 2.0 2.0 2.0 2.0 2.0 2.0 2.0 2.0 2.0 2.0 2.0 2.0 2.0 2.0 2.0 2.0 2.0 2.0 2.0 2.0 2.0 2.0 2.0 2.0 2.0 2.0 2.0 2.0 2.0  -- A matriz passou do limite de 256 --
--------Matriz B--------
5.0 5.0 5.0 5.0 5.0 5.0 5.0 5.0 5.0 5.0 5.0 5.0 5.0 5.0 5.0 5.0 5.0 5.0 5.0 5.0 5.0 5.0 5.0 5.0 5.0 5.0 5.0 5.0 5.0 5.0 5.0 5.0 5.0 5.0 5.0 5.0 5.0 5.0 5.0 5.0 5.0 5.0 5.0 5.0 5.0 5.0 5.0 5.0 5.0 5.0 5.0 5.0 5.0 5.0 5.0 5.0 5.0 5.0 5.0 5.0 5.0 5.0 5.0 5.0 5.0 5.0 5.0 5.0 5.0 5.0 5.0 5.0 5.0 5.0 5.0 5.0 5.0 5.0 5.0 5.0 5.0 5.0 5.0 5.0 5.0 5.0 5.0 5.0 5.0 5.0 5.0 5.0 5.0 5.0 5.0 5.0 5.0 5.0 5.0 5.0 5.0 5.0 5.0 5.0 5.0 5.0 5.0 5.0 5.0 5.0 5.0 5.0 5.0 5.0 5.0 5.0 5.0 5.0 5.0 5.0 5.0 5.0 5.0 5.0 5.0 5.0 5.0 5.0 5.0 5.0 5.0 5.0 5.0 5.0 5.0 5.0 5.0 5.0 5.0 5.0 5.0 5.0 5.0 5.0 5.0 5.0 5.0 5.0 5.0 5.0 5.0 5.0 5.0 5.0 5.0 5.0 5.0 5.0 5.0 5.0 5.0 5.0 5.0 5.0 5.0 5.0 5.0 5.0 5.0 5.0 5.0 5.0 5.0 5.0 5.0 5.0 5.0 5.0 5.0 5.0 5.0 5.0 5.0 5.0 5.0 5.0 5.0 5.0 5.0 5.0 5.0 5.0 5.0 5.0 5.0 5.0 5.0 5.0 5.0 5.0 5.0 5.0 5.0 5.0 5.0 5.0 5.0 5.0 5.0 5.0 5.0 5.0 5.0 5.0 5.0 5.0 5.0 5.0 5.0 5.0 5.0 5.0 5.0 5.0 5.0 5.0 5.0 5.0 5.0 5.0 5.0 5.0 5.0 5.0 5.0 5.0 5.0 5.0 5.0 5.0 5.0 5.0 5.0 5.0 5.0 5.0 5.0 5.0 5.0 5.0 5.0 5.0 5.0 5.0 5.0 5.0 5.0  -- A matriz passou do limite de 256 --
--------Matriz C--------
0.0 0.0 0.0 0.0 0.0 0.0 0.0 0.0 0.0 0.0 0.0 0.0 0.0 0.0 0.0 0.0 0.0 0.0 0.0 0.0 0.0 0.0 0.0 0.0 0.0 0.0 0.0 0.0 0.0 0.0 0.0 0.0 0.0 0.0 0.0 0.0 0.0 0.0 0.0 0.0 0.0 0.0 0.0 0.0 0.0 0.0 0.0 0.0 0.0 0.0 0.0 0.0 0.0 0.0 0.0 0.0 0.0 0.0 0.0 0.0 0.0 0.0 0.0 0.0 0.0 0.0 0.0 0.0 0.0 0.0 0.0 0.0 0.0 0.0 0.0 0.0 0.0 0.0 0.0 0.0 0.0 0.0 0.0 0.0 0.0 0.0 0.0 0.0 0.0 0.0 0.0 0.0 0.0 0.0 0.0 0.0 0.0 0.0 0.0 0.0 0.0 0.0 0.0 0.0 0.0 0.0 0.0 0.0 0.0 0.0 0.0 0.0 0.0 0.0 0.0 0.0 0.0 0.0 0.0 0.0 0.0 0.0 0.0 0.0 0.0 0.0 0.0 0.0 0.0 0.0 0.0 0.0 0.0 0.0 0.0 0.0 0.0 0.0 0.0 0.0 0.0 0.0 0.0 0.0 0.0 0.0 0.0 0.0 0.0 0.0 0.0 0.0 0.0 0.0 0.0 0.0 0.0 0.0 0.0 0.0 0.0 0.0 0.0 0.0 0.0 0.0 0.0 0.0 0.0 0.0 0.0 0.0 0.0 0.0 0.0 0.0 0.0 0.0 0.0 0.0 0.0 0.0 0.0 0.0 0.0 0.0 0.0 0.0 0.0 0.0 0.0 0.0 0.0 0.0 0.0 0.0 0.0 0.0 0.0 0.0 0.0 0.0 0.0 0.0 0.0 0.0 0.0 0.0 0.0 0.0 0.0 0.0 0.0 0.0 0.0 0.0 0.0 0.0 0.0 0.0 0.0 0.0 0.0 0.0 0.0 0.0 0.0 0.0 0.0 0.0 0.0 0.0 0.0 0.0 0.0 0.0 0.0 0.0 0.0 0.0 0.0 0.0 0.0 0.0 0.0 0.0 0.0 0.0 0.0 0.0 0.0 0.0 0.0 0.0 0.0 0.0 0.0  -- A matriz passou do limite de 256 --
Writing first result: result1.dat
Executing scalar_matrix_mult(5.0, matrixA)
5.798000 ms
--------Matriz A--------
10.0 10.0 10.0 10.0 10.0 10.0 10.0 10.0 10.0 10.0 10.0 10.0 10.0 10.0 10.0 10.0 10.0 10.0 10.0 10.0 10.0 10.0 10.0 10.0 10.0 10.0 10.0 10.0 10.0 10.0 10.0 10.0 10.0 10.0 10.0 10.0 10.0 10.0 10.0 10.0 10.0 10.0 10.0 10.0 10.0 10.0 10.0 10.0 10.0 10.0 10.0 10.0 10.0 10.0 10.0 10.0 10.0 10.0 10.0 10.0 10.0 10.0 10.0 10.0 10.0 10.0 10.0 10.0 10.0 10.0 10.0 10.0 10.0 10.0 10.0 10.0 10.0 10.0 10.0 10.0 10.0 10.0 10.0 10.0 10.0 10.0 10.0 10.0 10.0 10.0 10.0 10.0 10.0 10.0 10.0 10.0 10.0 10.0 10.0 10.0 10.0 10.0 10.0 10.0 10.0 10.0 10.0 10.0 10.0 10.0 10.0 10.0 10.0 10.0 10.0 10.0 10.0 10.0 10.0 10.0 10.0 10.0 10.0 10.0 10.0 10.0 10.0 10.0 10.0 10.0 10.0 10.0 10.0 10.0 10.0 10.0 10.0 10.0 10.0 10.0 10.0 10.0 10.0 10.0 10.0 10.0 10.0 10.0 10.0 10.0 10.0 10.0 10.0 10.0 10.0 10.0 10.0 10.0 10.0 10.0 10.0 10.0 10.0 10.0 10.0 10.0 10.0 10.0 10.0 10.0 10.0 10.0 10.0 10.0 10.0 10.0 10.0 10.0 10.0 10.0 10.0 10.0 10.0 10.0 10.0 10.0 10.0 10.0 10.0 10.0 10.0 10.0 10.0 10.0 10.0 10.0 10.0 10.0 10.0 10.0 10.0 10.0 10.0 10.0 10.0 10.0 10.0 10.0 10.0 10.0 10.0 10.0 10.0 10.0 10.0 10.0 10.0 10.0 10.0 10.0 10.0 10.0 10.0 10.0 10.0 10.0 10.0 10.0 10.0 10.0 10.0 10.0 10.0 10.0 10.0 10.0 10.0 10.0 10.0 10.0 10.0 10.0 10.0 10.0 10.0 10.0 10.0 10.0 10.0 10.0 10.0 10.0 10.0 10.0 10.0 10.0 10.0  -- A matriz passou do limite de 256 --
(debug) Escrevendo no arquivo Result1
Writing second result: result2.dat
Executing matrix_matrix_mult(matrixA, matrixB, matrixC)
426.062988 ms
--------Matriz C--------
102400.0 102400.0 102400.0 102400.0 102400.0 102400.0 102400.0 102400.0 102400.0 102400.0 102400.0 102400.0 102400.0 102400.0 102400.0 102400.0 102400.0 102400.0 102400.0 102400.0 102400.0 102400.0 102400.0 102400.0 102400.0 102400.0 102400.0 102400.0 102400.0 102400.0 102400.0 102400.0 102400.0 102400.0 102400.0 102400.0 102400.0 102400.0 102400.0 102400.0 102400.0 102400.0 102400.0 102400.0 102400.0 102400.0 102400.0 102400.0 102400.0 102400.0 102400.0 102400.0 102400.0 102400.0 102400.0 102400.0 102400.0 102400.0 102400.0 102400.0 102400.0 102400.0 102400.0 102400.0 102400.0 102400.0 102400.0 102400.0 102400.0 102400.0 102400.0 102400.0 102400.0 102400.0 102400.0 102400.0 102400.0 102400.0 102400.0 102400.0 102400.0 102400.0 102400.0 102400.0 102400.0 102400.0 102400.0 102400.0 102400.0 102400.0 102400.0 102400.0 102400.0 102400.0 102400.0 102400.0 102400.0 102400.0 102400.0 102400.0 102400.0 102400.0 102400.0 102400.0 102400.0 102400.0 102400.0 102400.0 102400.0 102400.0 102400.0 102400.0 102400.0 102400.0 102400.0 102400.0 102400.0 102400.0 102400.0 102400.0 102400.0 102400.0 102400.0 102400.0 102400.0 102400.0 102400.0 102400.0 102400.0 102400.0 102400.0 102400.0 102400.0 102400.0 102400.0 102400.0 102400.0 102400.0 102400.0 102400.0 102400.0 102400.0 102400.0 102400.0 102400.0 102400.0 102400.0 102400.0 102400.0 102400.0 102400.0 102400.0 102400.0 102400.0 102400.0 102400.0 102400.0 102400.0 102400.0 102400.0 102400.0 102400.0 102400.0 102400.0 102400.0 102400.0 102400.0 102400.0 102400.0 102400.0 102400.0 102400.0 102400.0 102400.0 102400.0 102400.0 102400.0 102400.0 102400.0 102400.0 102400.0 102400.0 102400.0 102400.0 102400.0 102400.0 102400.0 102400.0 102400.0 102400.0 102400.0 102400.0 102400.0 102400.0 102400.0 102400.0 102400.0 102400.0 102400.0 102400.0 102400.0 102400.0 102400.0 102400.0 102400.0 102400.0 102400.0 102400.0 102400.0 102400.0 102400.0 102400.0 102400.0 102400.0 102400.0 102400.0 102400.0 102400.0 102400.0 102400.0 102400.0 102400.0 102400.0 102400.0 102400.0 102400.0 102400.0 102400.0 102400.0 102400.0 102400.0 102400.0 102400.0 102400.0 102400.0 102400.0 102400.0 102400.0 102400.0 102400.0 102400.0 102400.0 102400.0 102400.0 102400.0 102400.0 102400.0 102400.0 102400.0 102400.0 102400.0 102400.0 102400.0 102400.0 102400.0 102400.0 102400.0  -- A matriz passou do limite de 256 --
Overall time: 2712.278076 ms
(debug) Liberando memória
(debug) Liberando host
(debug) Liberando device
(debug) Liberando matrix
(debug) Liberando host
(debug) Liberando device
(debug) Liberando matrix
(debug) Liberando host
(debug) Liberando device
(debug) Liberando matrix
(debug) Fim